   0   12
   3   10
   9   35
  32    9
  17   33
  23    7
  17   45
   2   33
  28   39
  11   20
   9    0
  37    0
  17    0
   4   23
   4    2
  12   45
   2    6
  15   39
   0   21
   0   11
  18   14
  44    0
  10   48
   0    3
  37   25
  45    7
  42    3
  14    0
  17   24
  23    0
  46    0
   0    7
   7   45
   1   37
  25    9
   9   16
   0   44
  14   13
  43   14
   0   42
  11   35
  44   26
  35   16
  18    7
  40    0
   8   10
   4    1
  12   15
  44   10
  10   12
   0   24
   3   17
   3    1
  33    2
   0   18
   6   16
   0    2
  18   21
   8   19
  29    0
  45    0
   0   29
  32    5
  16    0
   3   21
   0    1
  17   10
  25   12
   5    0
   2    9
  42   17
  19   20
   5    2
   7    0
  33   33
   4   27
  22   28
  45   18
  14   18
  38    6
  20    0
   3    0
   2   23
  16    5
  46   30
   6    3
  10    2
  19    7
  29   11
  16   28
  46   20
   0   25
   9   13
  40   37
   0   37
  25    8
  25   15
   0   17
   0   14
  11    0
  37   29
  18   18
  41   46
  10   25
   0   27
   2    0
  29   44
  15    0
   6    9
  37   31
  17   16
  18   29
  34    7
  26    5
   5    4
   0   23
  27    1
  19   11
   3    8
  21    0
   0   10
  38   39
  18   40
   0   28
   0   15
   3    3
  21   28
   4   46
  18   47
  26    0
  46   22
   7   30
   8    2
   4   16
   1   47
   0   32
   8   22
   1    5
   0    9
  35   40
  21   41
  32    0
  32    1
  34   30
  12    3
   9   45
  24    3
   3    2
  12    0
  38    0
   6   39
   0   26
   2   27
  39   15
  34    0
  13   25
  31    4
   6   29
   0   49
   2   43
   7    5
   0    0
  43    0
  19   34
   4   15
  33    0
   0   48
  13    0
   6   24
  38    8
  37   12
  14   36
   0   30
  25    0
   0   39
  39    5
   0    6
  27    0
   0   33
  15   27
   5   19
  18    0
  24    4
  16    1
  39    0
  17   26
   2    1
  32   38
  22    0
  35    0
   1   10
   7    3
  30   17
  27   46
   1    7
   0   43
  37   19
  19    4
  29   26
  19    8
   0   45
   5   39
   6   49
  22    1
   0   46
   7   33
  23   49
  44   44
  29   34
  15   10
  32    3
  44   41
  44   11
  10    7
  15   20
   3   29
  28    0
   6    5
  46   35
  24   29
  23   18
  16   30
   0   31
  36    0
   0   40
  46   12
   6    1
   0   13
  16   13
  22   48
  16    6
   3   39
  14    5
  20   12
   9    1
  19    0
  27   13
  24    0
  19    9
   2   12
  28   42
   0   22
  18   22
  16   25
  38   23
   1    0
  20   23
  22    2
   0   20
   3    4
   0   35
  20   15
   8   39
  15    4
   5    6
   0   38
  38    9
   0    8
   0   47
  22   19
  24   42
   0   16
  46    9
  12    5
   0    4
  42   27
  26   23
   7   23
  10   36
  30    0
  26   30
  25   27
  22   35
   9   34
  13   11
  11   46
   0   19
   4   35
   8   29
   4    0
  31   23
  41    0
   6    2
  39   48
  15   31
   8    5
   6    0
  32   23
  19    2
   0   36
  41    4
  34   19
  40    1
   2   16
   0    5
  31    0
   0   34
  22   43
   4   12
  13   37
  42    0
  26    6
   6   10
   3    5
  17    4
   0   41
  10    0
   8    0
  32   18
