   0    0
   1    0
   2    0
   3    0
   6    0
   8    0
  11    0
  12    0
  18    0
  22    0
  28    0
  33    0
  45    0
   0    1
   2    1
   3    1
   4    1
   6    1
   9    1
  16    1
  22    1
  27    1
  32    1
  40    1
   0    2
   3    2
   4    2
   5    2
   6    2
   8    2
  10    2
  19    2
  22    2
  33    2
   3    3
   6    3
   7    3
  12    3
  24    3
  32    3
  42    3
   3    4
   5    4
  15    4
  17    4
  19    4
  24    4
  31    4
  41    4
   0    5
   1    5
   3    5
   6    5
   7    5
   8    5
  12    5
  14    5
  16    5
  26    5
  32    5
  39    5
   2    6
   5    6
  16    6
  26    6
  38    6
   0    7
   1    7
  10    7
  18    7
  19    7
  23    7
  34    7
  45    7
   3    8
  19    8
  25    8
  38    8
   2    9
   6    9
  19    9
  25    9
  32    9
  38    9
  46    9
   0   10
   1   10
   3   10
   6   10
   8   10
  15   10
  17   10
  44   10
  13   11
  19   11
  29   11
  44   11
   2   12
   4   12
  10   12
  20   12
  25   12
  37   12
  46   12
   0   13
   9   13
  14   13
  16   13
  27   13
  18   14
  43   14
   4   15
  12   15
  20   15
  25   15
  39   15
   2   16
   4   16
   6   16
   9   16
  17   16
  35   16
   3   17
  30   17
  42   17
   0   18
  14   18
  18   18
  23   18
  32   18
  45   18
   5   19
   8   19
  22   19
  34   19
  37   19
  11   20
  15   20
  19   20
  46   20
   3   21
  18   21
   8   22
  18   22
  46   22
   2   23
   4   23
   7   23
  20   23
  26   23
  31   23
  32   23
  38   23
   0   24
   6   24
  17   24
  10   25
  13   25
  16   25
  37   25
  17   26
  29   26
  44   26
   2   27
   4   27
  15   27
  25   27
  42   27
  16   28
  21   28
  22   28
   3   29
   6   29
   8   29
  18   29
  24   29
  37   29
   0   30
   7   30
  16   30
  26   30
  34   30
  46   30
  15   31
  37   31
   2   33
   7   33
  17   33
  33   33
   9   34
  19   34
  29   34
   4   35
   9   35
  11   35
  22   35
  46   35
   0   36
  10   36
  14   36
   1   37
  13   37
  40   37
  32   38
   3   39
   5   39
   6   39
   8   39
  15   39
  28   39
  38   39
  18   40
  35   40
  21   41
  44   41
  24   42
  28   42
   2   43
  22   43
  29   44
  44   44
   7   45
   9   45
  12   45
  17   45
   4   46
  11   46
  27   46
  41   46
   0   47
   1   47
  18   47
  10   48
  22   48
  39   48
   6   49
  23   49